  name: Snake-game-with-twists-
channels:
  - conda-forge
  - defaults
dependencies:
  - _libavif_api=1.1.1=h57928b3_2
  - aom=3.9.1=he0c23c2_0
  - bzip2=1.0.8=h2466b09_7
  - ca-certificates=2024.9.24=haa95532_0
  - cairo=1.18.0=h32b962e_3
  - dav1d=1.2.1=hcfcfb64_0
  - font-ttf-dejavu-sans-mono=2.37=hab24e00_0
  - font-ttf-inconsolata=3.000=h77eed37_0
  - font-ttf-source-code-pro=2.038=h77eed37_0
  - font-ttf-ubuntu=0.83=h77eed37_3
  - fontconfig=2.15.0=h765892d_1
  - fonts-conda-ecosystem=1=0
  - fonts-conda-forge=1=0
  - freetype=2.12.1=hdaf720e_2
  - graphite2=1.3.13=h63175ca_1003
  - harfbuzz=9.0.0=h2bedf89_1
  - icu=75.1=he0c23c2_0
  - lerc=4.0.0=h63175ca_0
  - libavif16=1.1.1=h4d049a7_2
  - libdeflate=1.22=h2466b09_0
  - libexpat=2.6.4=he0c23c2_0
  - libffi=3.4.2=h8ffe710_5
  - libflac=1.4.3=h63175ca_0
  - libglib=2.82.2=h7025463_0
  - libiconv=1.17=hcfcfb64_2
  - libintl=0.22.5=h5728263_3
  - libjpeg-turbo=3.0.0=hcfcfb64_1
  - libmad=0.15.1b=hcfcfb64_1001
  - libogg=1.3.5=h2466b09_0
  - libpng=1.6.44=h3ca93ac_0
  - libtiff=4.7.0=hfc51747_1
  - libvorbis=1.3.7=h0e60522_0
  - libwebp-base=1.4.0=hcfcfb64_0
  - libzlib=1.3.1=h2466b09_2
  - mpg123=1.32.9=h01009b0_0
  - openssl=3.4.0=h2466b09_0
  - pcre2=10.44=h3d7b363_2
  - pip=24.2=py39haa95532_0
  - pixman=0.43.4=h63175ca_0
  - portmidi=2.0.4=h63175ca_2
  - pygame=2.6.1=py39hf6f3cbc_0
  - python=3.9.20=h8205438_1
  - python_abi=3.9=2_cp39
  - rav1e=0.6.6=h975169c_2
  - sdl2=2.30.7=he0c23c2_0
  - sdl2_image=2.8.2=h5ca362a_1
  - sdl2_mixer=2.6.3=he8f0768_1
  - sdl2_ttf=2.22.0=h797112a_2
  - setuptools=75.1.0=py39haa95532_0
  - sqlite=3.45.3=h2bbff1b_0
  - svt-av1=2.3.0=he0c23c2_0
  - tzdata=2024b=h04d1e81_0
  - ucrt=10.0.22621.0=h57928b3_1
  - vc=14.40=h2eaa2aa_1
  - vc14_runtime=14.42.34433=he29a5d6_23
  - vs2015_runtime=14.42.34433=hdffcdeb_23
  - wheel=0.44.0=py39haa95532_0
  - xz=5.2.6=h8d14728_0
  - zlib=1.3.1=h2466b09_2
  - zstd=1.5.6=h0ea2cb4_0
prefix: C:\ProgramData\Anaconda3\envs\Snake-game-with-twists-
